324
444
429
149
192
357
415
430
112
193
188
76
80
90
269
317
349
502
278
66
241
236
277
133
5
82
522
473
104
207
504
266
352
19
221
43
116
36
56
243
395
465
487
305
368
72
168
272
249
182
380
365
334
385
506
88
237
403
505
233
451
448
70
297
108
479
360
167
532
234
1
67
219
405
65
362
476
308
87
97
424
462
390
528
480
113
327
529
279
39
122
400
293
388
86
420
498
106
275
33
151
285
253
134
187
413
284
184
140
225
271
438
460
267
290
471
347
146
89
161
492
379
84
436
209
125
340
468
345
126
139
25
384
179
69
374
258
177
59
417
437
202
64
459
44
169
399
432
338
300
443
61
419
520
74
472
215
194
103
29
214
57
287
366
245
242
166
418
516
159
464
118
270
6
32
21
46
155
283
95
37
296
446
124
328
370
302
310
204
229
150
131
524
331
30
174
507
406
239
4
435
141
81
16
38
228
372
196
163
121
439
185
96
450
17
105
232
318
286
440
346
469
144
377
200
493
500
411
68
129
78
101
153
94
394
515
321
111
289
162
53
408
303
449
220
514
288
282
481
246
396
404
521
222
511
402
304
48
426
407
195
180
252
3
7
363
314
412
145
265
351
75
470
227
172
92
107
28
14
416
494
508
343
453
364
497
348
350
389
428
85
423
337
235
257
83
376
201
262
247
342
120
173
341
452
205
268
442
91
445
109
475
375
9
114
336
335
485
466
427
382
123
156
212
320
482
295
455
230
135
34
410
8
130
467
495
11
255
231
330
261
477
353
263
361
170
323
127
332
503
45
273
367
15
41
355
291
488
224
319
276
49
31
77
12
99
128
47
484
387
73
373
42
27
298
311
501
312
93
51
18
309
35
251
354
217
13
371
530
280
339
391
157
457
152
393
119
425
256
23
60
478
143
499
313
158
142
458
175
50
154
165
186
62
329
26
190
447
489
203
218
206
52
58
344
523
381
136
474
292
434
322
110
148
191
132
264
223
519
326
250
527
433
401
160
359
216
463
409
307
79
98
392
306
100
531
71
274
301
483
378
181
22
199
208
316
315
325
183
240
248
226
431
63
210
213
2
55
421
383
358
10
102
211
513
397
178
54
461
441
509
510
518
244
414
496
422
512
115
198
490
294
189
456
454
486
281
24
138
254
299
238
333
147
164
40
356
369
525
526
117
260
20
491
259
176
171
386
137
197
398
517
