463
340
37
159
364
252
94
417
259
491
495
522
295
254
239
305
338
99
282
393
448
122
330
90
218
329
208
174
272
82
71
455
7
520
430
168
303
489
143
217
372
101
23
96
504
412
274
182
234
160
466
260
212
170
200
454
516
144
394
110
315
293
136
133
286
316
111
78
462
395
450
512
401
413
100
183
33
14
414
444
226
270
184
322
60
232
479
230
148
32
324
311
517
132
404
83
46
36
240
137
402
11
162
30
55
379
377
511
227
283
167
131
438
514
145
344
258
140
18
70
102
113
382
367
115
526
383
242
387
265
325
93
392
475
361
368
134
65
61
178
357
12
91
241
76
47
64
52
34
248
77
79
478
521
219
172
299
381
21
221
312
231
15
244
337
515
362
468
13
19
142
442
406
106
481
8
124
197
141
2
459
229
426
358
449
280
328
291
427
179
345
57
129
267
327
320
301
203
441
48
496
117
130
278
434
25
152
313
386
266
494
461
470
187
409
273
302
199
390
488
17
290
169
80
336
528
378
86
180
453
68
147
16
45
435
469
205
349
235
268
87
321
318
487
497
350
380
255
439
385
3
216
319
492
493
341
447
222
317
225
88
195
146
297
399
188
204
59
339
271
153
422
525
335
472
508
331
66
388
173
236
500
89
238
519
206
149
369
523
220
314
310
356
125
39
529
363
118
342
38
4
224
289
527
360
84
433
451
54
506
202
121
421
112
408
29
294
407
510
165
353
477
41
9
209
50
264
213
343
201
40
1
28
151
155
410
92
505
436
486
532
279
253
190
498
69
108
166
296
211
307
186
502
75
62
198
243
384
233
432
389
476
49
428
245
257
31
156
418
277
247
416
51
374
354
97
214
460
281
237
513
518
126
458
292
284
411
465
154
346
53
474
223
431
371
285
370
276
73
150
95
98
43
365
507
403
359
467
161
424
246
326
158
373
6
116
484
355
347
503
24
375
177
120
58
309
207
456
348
501
531
105
423
193
103
181
524
35
300
114
250
176
332
81
194
139
288
123
397
298
27
104
304
74
157
366
287
415
164
419
530
175
119
256
85
251
171
109
308
191
107
261
215
138
10
210
405
445
323
306
163
42
185
509
471
473
482
333
352
127
196
351
376
483
440
263
189
192
429
20
56
22
400
228
443
334
391
420
44
425
485
499
490
275
398
437
67
63
135
5
262
128
446
249
72
26
396
269
452
464
457
480
