349
478
11
54
134
499
287
113
236
411
311
293
452
432
514
165
111
17
177
247
285
127
380
281
498
211
344
175
159
428
337
479
354
73
303
178
223
340
170
484
243
50
500
43
444
413
451
359
480
214
387
415
19
48
389
438
310
272
8
91
96
103
119
190
526
260
324
126
237
69
141
334
189
164
131
416
97
219
494
511
227
309
225
216
259
299
353
46
313
446
117
122
517
518
209
382
332
191
207
32
302
153
2
88
95
174
388
62
196
476
90
490
176
72
70
197
206
75
39
205
282
429
143
290
426
36
125
361
37
466
371
64
379
295
115
463
460
286
409
79
283
51
242
355
404
149
419
23
93
397
448
185
307
333
112
528
63
42
12
515
481
180
116
521
33
284
132
342
338
412
124
184
401
232
405
105
459
6
386
123
424
461
181
161
179
465
85
306
253
496
83
204
53
47
57
139
377
384
172
326
471
275
246
166
4
233
271
169
318
368
417
427
130
335
497
529
45
108
3
102
391
44
193
346
18
38
35
235
367
289
145
74
100
263
273
257
482
505
372
150
266
392
208
375
320
523
29
493
520
331
280
305
27
343
317
501
406
485
254
31
328
203
20
200
213
49
262
28
173
106
9
312
250
487
151
183
423
398
383
107
52
1
135
230
425
420
78
168
442
506
513
81
71
407
99
288
14
472
400
41
292
339
369
84
26
316
270
322
98
362
156
410
402
296
77
443
182
439
138
516
187
502
422
374
433
298
403
504
212
470
492
267
366
449
363
248
241
357
385
347
441
192
61
220
315
160
462
447
488
268
231
24
195
319
341
507
491
10
60
396
434
486
251
323
532
430
464
94
276
80
228
365
244
437
277
67
300
217
240
336
147
393
13
199
360
512
104
144
348
146
16
239
469
495
524
65
454
345
258
198
408
265
252
110
171
301
269
15
167
21
378
370
530
435
450
314
329
473
56
297
376
136
352
308
399
468
256
278
330
238
226
155
395
327
222
5
229
121
527
519
152
381
304
255
129
215
453
89
86
157
249
321
140
458
510
522
474
154
137
261
163
356
87
22
455
531
92
118
245
55
30
218
325
364
201
294
440
477
40
456
66
431
7
373
436
509
457
148
202
475
291
109
445
508
418
351
133
279
101
34
394
128
142
120
76
224
59
421
467
274
158
186
68
194
414
503
483
82
350
234
525
489
210
221
114
162
58
25
264
358
390
188
