422
517
380
97
434
163
507
476
115
30
344
38
397
242
199
267
272
414
319
449
221
435
75
321
122
529
161
412
129
444
134
241
48
106
71
234
198
326
218
395
500
58
211
366
377
473
191
88
281
309
215
257
280
223
174
175
15
66
140
5
26
237
482
339
99
296
130
382
224
171
401
313
173
154
355
454
204
116
192
381
31
417
328
253
345
456
350
372
505
389
260
287
504
22
348
351
471
201
200
1
306
132
29
109
244
159
528
315
196
54
391
488
457
513
141
254
240
353
36
79
111
248
385
386
378
472
311
283
410
308
18
216
459
83
178
515
415
298
208
160
55
169
172
421
527
478
104
251
85
217
148
282
186
461
383
525
285
25
233
228
17
74
226
357
266
361
128
290
145
139
100
235
446
393
82
49
219
256
474
379
289
6
103
86
297
123
76
367
69
105
118
10
166
176
483
314
530
61
470
509
262
230
277
418
250
81
438
124
255
43
429
2
70
229
337
510
523
299
93
65
486
342
202
439
442
462
212
416
89
431
126
445
423
51
338
96
84
239
370
493
261
291
376
34
411
28
98
162
197
182
246
131
59
346
475
193
249
274
203
136
181
247
152
157
238
359
495
90
426
227
50
428
101
195
41
156
194
532
302
133
307
453
404
388
4
45
506
430
481
352
436
531
494
320
405
185
151
220
424
117
209
11
441
329
245
207
362
514
384
39
485
413
24
322
310
62
479
303
460
448
526
511
375
358
432
316
259
501
499
57
518
373
142
168
23
138
35
210
524
489
396
304
78
318
400
144
21
490
120
368
437
317
183
146
502
37
190
114
487
32
73
301
371
13
127
331
387
463
165
468
325
343
273
374
46
269
465
3
16
40
252
512
477
119
214
295
455
333
68
491
522
112
155
153
409
158
64
271
497
406
72
9
189
27
20
341
263
354
419
8
278
300
56
12
231
394
52
188
222
399
484
407
492
87
305
150
243
95
330
498
458
149
264
467
121
443
335
349
496
164
94
14
340
508
137
47
365
170
179
447
464
276
63
110
184
286
425
258
53
60
334
312
363
187
323
450
265
332
108
177
80
167
33
520
336
403
392
469
390
44
77
521
503
135
420
293
288
402
268
364
327
279
147
107
275
42
213
102
398
452
516
284
292
433
236
180
360
356
113
92
519
232
408
270
225
451
143
369
324
125
67
427
19
440
91
205
206
480
466
7
294
347
