58
240
429
7
52
321
351
454
62
382
4
394
274
418
109
473
163
271
74
151
69
21
511
182
430
268
519
188
296
316
451
410
527
28
13
403
460
179
224
514
210
181
194
26
14
493
87
413
221
450
284
70
121
257
461
47
250
282
201
36
440
176
222
303
170
218
169
110
364
82
90
356
95
165
340
53
323
344
423
248
158
411
147
496
167
281
187
320
304
97
508
432
495
68
142
466
526
18
102
338
412
300
306
2
439
81
435
288
238
467
474
449
9
386
192
415
478
285
487
357
260
103
177
162
414
521
154
39
328
370
96
155
353
289
373
198
25
343
483
43
213
378
352
247
40
171
126
211
315
1
458
490
253
301
269
256
75
380
8
191
161
335
66
116
99
31
29
347
140
160
255
375
368
383
358
293
159
513
337
465
276
225
127
309
108
324
494
267
20
424
134
491
481
349
322
319
291
233
178
263
152
88
273
325
312
420
146
128
331
486
421
223
308
258
130
327
217
436
144
329
392
479
57
387
395
317
27
298
112
10
65
5
219
262
85
133
83
272
500
509
441
168
254
205
76
400
348
350
299
114
501
283
502
135
208
23
200
443
80
184
245
529
251
101
105
507
463
125
433
246
183
363
361
390
475
456
417
84
366
355
330
332
393
73
164
459
150
407
35
409
389
360
67
399
55
189
333
471
477
277
525
48
261
38
61
89
444
77
60
190
232
115
462
228
118
216
186
214
431
286
453
532
391
428
374
148
153
524
489
235
104
59
455
206
131
227
19
396
41
93
472
294
279
120
212
107
185
376
242
34
193
172
207
379
482
318
32
166
195
215
313
241
280
11
143
137
302
446
354
470
492
346
523
365
367
230
72
404
314
229
50
503
369
86
173
174
123
79
157
485
209
426
275
398
445
180
113
438
119
239
203
15
56
345
336
341
401
139
448
290
488
199
236
30
469
385
49
464
516
71
37
132
359
442
264
311
278
419
397
468
3
249
145
252
517
504
22
33
270
295
339
100
63
427
377
297
54
42
45
522
406
515
476
111
92
51
136
480
334
326
425
484
512
117
196
24
234
243
434
497
510
498
175
64
388
122
220
528
226
384
12
307
437
141
518
452
94
505
520
371
17
237
265
447
266
402
506
106
6
16
259
98
78
287
457
46
124
197
44
202
305
244
91
204
156
362
310
129
138
231
342
499
372
408
531
381
149
292
422
530
416
405
