114
458
465
323
36
73
425
467
279
245
117
432
337
497
525
147
99
431
360
48
227
120
90
417
368
405
77
140
522
126
116
506
311
399
197
292
41
356
255
426
18
28
438
237
129
137
478
498
463
82
433
285
459
35
154
83
141
215
376
262
309
291
142
181
233
78
57
161
435
477
269
334
484
98
386
517
228
331
144
505
510
472
108
157
88
267
384
290
402
461
447
143
209
179
265
355
45
325
50
329
523
521
17
338
491
212
455
222
397
5
357
133
302
503
466
321
345
252
272
261
451
234
286
373
320
374
277
69
486
213
4
416
500
169
380
480
443
528
527
173
249
135
439
235
529
58
195
9
359
14
64
440
284
210
71
127
474
136
303
395
394
520
314
358
448
91
72
499
75
146
240
216
155
46
1
74
532
248
509
174
366
418
348
280
339
278
436
341
100
167
6
396
199
287
206
238
469
123
454
412
102
450
150
495
504
165
273
94
488
51
260
423
353
37
22
332
131
47
275
259
304
340
34
363
471
81
125
420
470
192
369
121
381
178
109
93
170
452
79
39
403
29
185
254
389
156
200
2
390
464
526
196
21
460
319
409
351
145
168
231
124
442
65
106
166
171
229
282
371
502
492
494
421
172
13
119
27
158
194
224
225
193
449
214
429
8
89
70
187
364
379
410
516
336
103
335
49
344
198
160
393
346
257
387
86
361
263
184
490
411
408
485
493
362
241
232
68
30
92
176
122
317
148
153
413
104
112
385
350
518
175
343
189
427
87
308
507
392
220
11
203
226
10
149
63
501
3
115
76
96
268
23
182
274
475
152
84
60
219
324
444
483
258
61
118
105
244
305
162
25
270
56
298
38
352
230
31
457
19
401
378
264
246
496
43
180
242
67
95
530
327
383
316
398
326
424
159
297
62
85
404
513
437
283
186
20
318
333
430
164
139
473
107
313
130
32
266
53
489
204
110
205
512
183
271
312
370
52
276
211
347
236
15
414
462
515
202
441
330
377
375
26
307
16
7
208
177
59
128
113
253
138
55
218
367
306
243
479
511
422
514
54
365
456
42
288
476
524
445
289
508
415
391
97
342
33
132
296
293
434
354
419
301
188
12
487
256
111
221
482
453
281
251
372
151
388
295
247
328
481
468
134
294
250
239
382
24
163
310
217
40
406
201
207
428
519
66
223
446
531
300
322
299
407
400
190
191
101
80
44
315
349
