22
119
20
490
474
286
70
170
404
285
523
365
50
530
217
338
30
182
131
483
370
513
401
319
266
105
448
236
1
44
328
195
201
228
428
290
192
233
168
162
475
378
463
492
432
120
270
245
525
113
61
232
468
358
159
480
184
363
189
295
118
345
29
512
144
222
93
27
368
135
399
455
422
498
425
38
299
485
341
202
354
479
258
51
69
188
460
275
434
313
207
377
249
519
507
75
250
342
19
500
505
166
393
133
414
66
482
456
413
346
117
353
98
89
48
196
68
402
129
435
517
376
4
40
17
136
74
418
398
351
115
248
514
506
529
522
427
251
104
528
112
331
95
62
234
123
238
243
436
405
349
2
494
210
311
151
78
221
333
481
163
86
409
42
372
374
389
471
110
388
91
315
185
45
454
292
419
395
497
531
153
176
76
41
287
488
322
5
300
114
140
259
145
491
175
312
134
154
224
23
459
394
158
206
265
314
141
211
420
381
58
7
90
73
10
352
149
130
269
26
49
458
504
421
410
212
35
320
272
318
477
65
268
524
489
197
304
43
415
150
180
408
260
72
52
321
271
412
350
373
449
327
495
294
64
473
386
111
147
8
204
336
244
371
387
429
343
14
301
382
309
392
16
444
262
247
274
447
411
102
138
239
308
441
532
193
186
214
347
457
9
357
191
235
380
190
39
124
316
121
152
100
279
391
384
329
156
433
281
126
291
283
359
226
440
187
431
284
220
216
253
323
209
173
103
97
453
451
396
443
487
452
199
426
21
337
200
516
298
303
510
143
515
282
324
13
297
31
417
28
34
63
53
403
80
164
139
237
423
263
47
344
106
502
33
82
99
132
340
56
310
83
179
67
227
246
18
242
46
446
472
302
478
12
94
142
60
198
462
355
379
219
231
521
71
128
256
369
194
493
101
32
364
296
77
476
360
509
36
137
3
305
325
362
367
257
334
181
208
155
229
278
276
317
55
264
15
127
108
165
146
255
330
499
503
511
518
230
261
6
484
109
307
326
88
59
254
172
356
213
335
508
527
416
148
273
161
167
96
223
169
385
520
361
464
383
125
57
25
54
267
293
178
465
450
501
203
215
289
306
430
107
241
486
437
280
81
218
288
225
407
467
277
79
439
390
252
171
205
84
442
332
87
400
92
174
375
526
11
122
157
470
466
496
461
424
438
445
177
85
240
116
339
406
366
24
469
160
183
37
348
397
