241
94
390
462
221
277
77
354
426
382
519
374
470
23
385
492
199
373
358
283
13
272
200
332
302
400
251
378
471
379
242
253
37
8
248
294
359
366
212
345
45
154
264
333
113
73
407
450
457
278
165
143
454
261
461
318
231
64
528
422
514
55
102
246
297
291
107
117
531
380
174
243
203
216
487
232
91
61
262
436
151
402
169
72
158
301
210
257
292
460
438
225
134
312
44
530
404
190
95
442
507
339
327
258
524
28
183
68
391
217
259
234
47
415
397
368
87
275
425
41
93
427
315
48
3
319
472
171
40
464
330
349
384
325
60
266
489
452
99
196
235
146
280
67
510
182
479
148
286
21
527
245
429
111
521
97
413
260
112
284
423
218
420
160
75
455
525
209
265
81
57
498
271
78
79
496
486
346
147
360
411
34
493
435
443
155
71
473
431
222
405
19
434
141
298
338
144
453
122
351
290
156
478
35
403
288
121
269
53
518
515
361
229
250
316
529
466
150
123
22
501
69
105
506
164
114
367
311
285
54
204
247
254
502
50
350
140
86
505
341
408
33
119
279
375
17
388
468
4
124
308
458
252
195
424
421
185
191
334
323
281
293
480
376
451
449
416
355
337
208
370
92
226
396
522
503
5
14
16
523
317
494
304
467
484
202
377
173
236
9
237
52
180
207
504
406
104
100
139
98
142
289
532
314
430
419
80
414
499
526
306
267
136
409
90
428
469
307
25
238
300
509
223
125
340
356
335
211
282
352
153
220
399
129
96
76
120
201
500
444
432
363
27
59
168
38
101
58
320
103
233
347
439
459
343
371
186
392
49
441
43
348
273
490
328
394
309
63
176
477
192
331
476
299
2
240
1
62
163
109
51
152
215
417
448
381
395
128
108
206
172
29
46
326
239
137
228
133
138
167
287
70
149
130
276
32
485
303
401
456
365
177
393
170
7
162
85
118
74
131
224
179
369
12
313
357
188
178
31
166
110
42
189
481
437
440
412
353
82
194
219
187
322
213
26
197
24
88
482
310
324
30
296
89
446
116
274
447
227
184
256
410
342
495
268
508
329
106
175
145
517
465
497
10
372
364
295
66
198
205
387
386
483
305
230
181
398
126
127
491
520
475
15
18
159
11
65
84
336
161
20
488
270
463
516
193
39
255
36
474
214
135
263
389
132
249
513
512
383
115
6
445
321
433
344
418
157
56
83
511
244
362
