157
477
351
151
23
343
365
373
50
135
228
63
153
453
399
95
503
205
237
265
22
58
207
360
111
461
405
469
300
162
224
188
138
66
221
90
102
398
230
392
210
172
98
191
356
516
109
233
215
337
366
49
493
116
88
186
25
448
427
382
175
20
93
294
54
24
408
283
8
249
253
112
264
3
141
143
517
199
353
525
227
134
401
320
197
384
435
67
313
299
369
317
386
430
262
187
378
497
308
339
86
189
376
379
368
236
403
124
507
358
426
335
467
73
166
44
46
295
282
9
36
222
261
241
483
512
131
193
439
245
77
220
423
74
152
32
269
394
338
527
390
530
330
473
443
306
429
163
303
244
79
11
126
232
104
524
55
125
107
367
252
161
276
17
121
37
185
179
407
120
267
115
70
289
87
21
214
149
263
359
29
60
142
428
456
284
349
92
154
31
123
181
254
397
257
80
438
113
223
496
275
476
78
251
176
184
297
105
488
240
404
202
183
168
19
235
248
393
381
266
481
259
273
312
480
389
239
76
177
347
432
341
346
409
34
331
513
518
465
475
344
48
1
59
171
229
155
447
305
250
81
311
43
69
279
136
28
296
515
400
486
375
238
68
4
424
272
440
318
285
287
96
492
342
322
422
362
140
82
165
327
500
212
122
114
391
219
498
482
383
514
511
380
326
412
156
218
484
487
293
304
319
89
463
15
291
65
99
198
194
147
130
243
370
217
420
148
410
417
133
302
385
464
329
52
301
470
103
160
16
444
364
174
354
277
307
519
101
510
350
499
225
310
309
316
14
458
203
445
234
129
7
150
298
485
290
333
433
45
30
145
268
436
281
415
325
27
206
258
521
396
478
127
167
84
128
42
274
406
520
418
395
204
53
10
371
247
460
414
468
504
501
508
173
213
431
345
434
372
451
41
6
64
190
509
490
13
352
226
35
292
242
336
94
158
26
144
459
442
357
363
449
531
437
413
419
216
280
100
529
108
231
200
169
211
146
402
2
411
506
471
91
47
209
270
61
33
416
51
348
132
139
340
83
472
278
479
425
388
256
324
170
195
12
18
71
85
110
387
288
466
377
62
455
505
462
321
450
75
474
355
457
178
314
137
164
208
323
182
526
118
180
56
201
246
489
72
271
39
494
196
361
5
502
374
334
286
106
315
446
528
260
97
328
255
117
38
421
491
159
332
454
192
441
522
57
532
495
40
119
523
452
