463
314
165
19
102
232
454
372
203
108
358
474
390
254
478
195
427
236
202
339
419
323
62
27
320
458
514
402
45
131
153
225
93
449
406
92
228
79
465
191
40
351
246
486
360
248
129
72
504
265
302
25
521
466
502
434
408
240
16
409
400
325
354
29
359
283
268
21
67
289
104
247
468
197
347
481
142
332
318
227
84
262
520
253
169
150
103
119
60
488
355
220
373
292
230
113
100
252
43
290
55
231
196
174
267
42
433
512
183
439
185
68
208
284
5
82
34
366
388
381
173
36
214
157
192
452
389
199
274
279
394
335
121
164
140
508
361
223
175
75
511
397
78
148
50
308
451
428
447
198
81
141
376
215
293
432
507
217
66
309
126
143
97
519
530
525
505
216
9
14
392
63
446
396
336
340
83
117
206
464
249
374
190
2
342
319
278
421
105
134
469
311
441
480
471
307
494
479
259
116
179
193
296
386
59
168
26
367
135
11
322
496
356
344
467
53
146
438
261
417
294
147
91
288
313
64
154
229
524
316
435
448
375
422
256
86
176
89
531
321
444
523
333
350
497
136
404
133
399
483
125
286
385
138
297
122
41
242
306
304
346
73
187
482
528
69
338
186
56
224
241
98
349
403
80
61
426
209
401
395
37
477
222
379
74
415
3
461
312
487
516
493
76
364
299
257
109
271
200
457
260
101
295
115
371
506
414
144
226
245
418
172
517
387
315
275
219
370
518
329
90
437
71
407
194
280
221
272
238
156
529
58
10
281
348
106
145
416
526
383
110
303
51
120
484
431
266
128
341
513
4
250
269
310
24
405
429
28
204
411
263
298
188
377
328
33
301
251
436
88
181
127
207
94
365
95
171
167
31
137
111
264
459
162
13
12
96
352
490
423
337
499
161
213
445
412
233
177
430
17
118
442
46
527
155
357
114
276
277
7
489
211
331
475
501
170
38
212
35
326
317
239
49
413
166
22
1
450
151
237
182
485
48
345
492
462
398
107
327
510
509
54
23
6
503
152
30
210
47
77
500
391
282
258
201
470
99
515
472
124
382
39
158
330
368
440
112
456
393
218
178
495
273
334
20
57
380
476
522
287
52
234
453
363
65
498
180
443
243
285
8
44
160
473
132
159
460
362
149
32
184
163
384
425
291
532
324
18
123
378
343
491
305
70
205
353
139
424
87
455
369
410
130
255
85
244
235
270
300
420
15
189
