96
340
127
200
71
164
281
65
290
334
404
479
229
470
210
143
437
310
315
271
14
7
477
398
491
248
493
46
239
445
252
399
358
488
59
36
309
50
278
72
115
307
261
92
251
465
489
409
484
268
408
338
262
321
500
249
412
264
185
1
254
52
227
37
507
121
8
469
336
433
129
532
258
112
367
90
266
417
169
68
234
213
194
333
246
26
448
319
113
274
441
24
142
393
487
528
189
467
174
10
316
416
201
329
387
339
245
238
314
28
379
460
19
308
472
520
511
341
466
61
57
351
454
370
205
76
75
369
45
323
135
34
87
302
98
494
497
211
428
529
209
158
83
322
462
492
317
104
144
100
49
153
446
440
498
463
120
111
382
236
181
187
160
51
256
286
443
91
410
400
294
521
439
516
378
363
372
67
157
220
165
128
81
25
383
527
508
405
69
179
131
17
29
423
108
342
391
148
357
407
390
176
525
2
202
327
275
451
207
375
364
64
474
27
126
155
421
208
80
3
328
515
483
424
272
296
22
110
226
259
524
431
119
318
459
79
496
349
177
490
253
38
54
215
116
140
505
510
70
58
257
303
66
476
171
230
21
183
526
402
233
531
243
55
102
43
394
380
167
138
48
438
42
23
284
101
88
325
190
224
97
326
184
39
397
362
73
346
306
109
118
288
47
473
193
173
499
285
353
86
180
175
501
122
481
41
447
40
99
452
464
432
345
502
196
20
512
62
276
31
403
255
146
368
223
85
478
335
280
141
413
93
124
482
150
355
32
123
503
330
145
360
301
267
260
518
509
242
427
504
347
377
331
506
513
237
371
456
166
82
134
414
300
221
163
5
159
365
384
186
283
299
350
11
312
324
530
373
406
430
292
133
418
132
197
214
389
218
361
458
304
298
434
244
386
44
366
241
18
320
149
305
216
204
170
436
182
457
212
33
125
429
471
449
514
188
374
313
444
354
461
222
228
151
206
287
84
401
311
172
485
217
199
77
30
344
297
225
191
198
435
450
348
89
137
6
289
117
495
411
15
106
265
425
388
60
53
291
282
147
16
78
269
453
426
273
419
195
136
168
475
235
94
270
162
486
103
232
356
295
279
376
152
35
154
250
359
9
480
422
343
139
277
105
13
95
337
523
522
519
231
219
240
396
517
420
352
332
56
392
192
468
247
4
63
178
381
442
455
395
161
203
385
293
415
156
130
107
114
263
12
74
