90
228
111
435
519
424
484
240
218
343
78
22
43
279
335
12
153
516
473
530
110
422
329
101
355
88
231
198
34
334
256
287
411
466
147
313
134
399
391
209
449
181
404
402
474
338
467
318
182
130
160
300
247
219
307
263
186
364
257
74
199
282
169
26
216
339
168
406
200
532
274
315
340
388
398
523
226
100
205
521
36
149
291
305
426
141
55
133
184
346
9
29
57
288
436
299
67
92
281
137
414
127
2
507
386
176
413
370
483
464
316
494
410
394
441
19
328
395
183
463
41
308
113
342
236
265
309
222
497
493
515
125
350
165
253
409
180
89
27
321
221
380
238
242
333
460
440
107
455
352
69
475
520
451
283
225
82
5
175
290
62
84
52
35
420
362
289
301
156
378
294
348
136
135
167
63
323
77
144
23
91
407
381
255
482
45
366
377
220
331
454
104
179
213
495
206
261
271
245
152
512
341
525
489
457
47
367
223
508
119
293
278
284
151
51
54
48
121
439
210
429
277
80
177
415
214
189
423
325
327
15
217
496
304
215
139
403
146
292
359
428
262
254
159
75
347
443
296
38
371
368
373
458
16
353
383
106
60
30
94
509
363
480
487
442
295
204
419
433
397
310
140
396
273
408
190
476
208
224
251
345
514
503
526
354
207
20
504
280
229
358
285
37
491
517
99
53
379
260
319
524
157
243
461
129
237
163
1
244
249
17
365
306
212
194
64
56
114
481
79
192
272
266
145
401
123
317
81
303
201
372
276
469
478
112
188
124
128
432
211
195
320
502
173
452
171
105
518
28
70
324
234
437
33
351
76
4
269
357
21
174
150
120
400
385
166
118
369
109
485
138
115
416
203
8
25
298
230
468
375
390
59
131
193
164
196
3
7
87
97
336
185
68
311
267
178
172
61
505
268
250
248
490
241
360
374
479
446
472
344
499
71
65
83
312
522
322
39
447
6
122
11
96
498
427
44
235
286
191
356
202
98
529
513
264
197
162
40
73
117
326
392
450
425
430
459
155
158
102
501
142
32
132
49
31
239
418
314
510
456
448
66
462
275
297
233
465
227
18
453
108
259
187
143
445
511
431
93
246
330
492
376
384
528
488
13
270
72
161
14
337
471
116
42
405
417
527
477
434
486
438
10
24
85
444
500
506
302
50
349
154
86
421
95
126
412
148
103
58
332
387
382
361
46
531
258
252
470
170
232
393
389
