139
181
469
339
56
215
490
497
170
524
86
372
278
73
196
95
532
180
330
222
434
274
81
256
186
60
419
444
510
290
436
373
252
225
203
501
137
438
185
288
159
485
494
343
255
401
163
286
154
520
148
270
183
133
499
449
297
389
147
104
347
457
26
20
48
54
207
511
122
496
427
303
216
404
89
361
243
322
349
357
363
300
253
394
390
245
391
381
79
190
365
287
118
165
72
51
479
138
277
348
246
157
119
45
462
167
443
480
362
93
506
162
324
5
227
328
254
453
508
268
96
91
71
529
146
418
398
432
161
197
38
1
31
311
472
521
341
117
99
230
82
200
482
516
285
264
111
304
446
223
340
233
284
461
312
58
76
19
484
39
392
417
224
259
294
384
396
257
336
75
150
70
407
32
295
467
208
269
374
395
100
476
428
221
67
498
130
281
171
74
46
345
80
309
59
179
500
140
4
65
153
515
194
201
25
102
145
360
228
213
491
69
176
314
354
57
29
335
376
260
143
22
6
47
34
40
217
27
189
211
132
489
406
37
144
168
514
513
64
35
459
474
359
263
42
475
367
492
103
364
209
292
447
28
313
416
424
293
301
266
24
321
175
141
519
463
414
155
83
92
442
455
244
106
85
41
3
15
124
9
178
129
237
172
232
11
477
101
505
23
107
509
182
333
33
318
282
346
55
316
98
486
261
116
420
350
411
191
123
356
503
329
409
448
49
214
523
421
399
212
280
351
299
528
262
279
423
7
440
88
121
302
126
251
110
393
410
400
202
306
473
187
120
405
368
413
249
527
276
450
131
344
36
210
134
470
493
429
331
386
437
108
435
283
265
195
229
320
105
90
451
377
174
342
275
439
231
43
62
319
156
66
307
247
402
220
454
512
380
310
471
267
334
184
50
248
468
478
465
466
2
206
84
234
53
355
125
370
352
113
219
258
308
382
458
353
426
518
317
378
149
8
332
338
289
445
127
193
408
250
433
242
387
10
16
412
12
128
97
109
142
371
77
18
375
78
456
483
422
218
397
169
235
530
188
44
487
238
63
425
158
525
452
385
241
388
323
305
61
21
14
152
379
327
115
112
52
325
151
94
226
205
481
30
369
441
291
204
199
460
415
358
495
430
315
160
173
164
502
531
13
236
298
17
114
272
136
366
403
273
177
271
239
507
464
337
296
504
431
192
135
522
166
240
198
87
68
383
326
526
488
517
