286
66
203
482
220
5
225
115
11
16
56
129
105
408
399
498
446
188
279
123
419
348
6
321
318
251
311
427
280
270
43
196
191
163
417
224
42
247
44
172
29
502
388
299
459
480
222
531
186
1
307
364
374
64
453
306
393
157
173
488
197
142
323
52
358
199
409
20
346
369
39
3
334
315
156
88
430
425
255
184
92
336
301
110
9
25
101
300
180
79
387
420
149
223
243
317
38
202
329
8
313
185
94
372
249
506
406
107
457
135
421
167
500
237
27
492
108
362
28
211
495
529
347
293
378
353
215
391
429
455
268
436
380
72
152
179
111
261
458
240
398
441
424
400
24
93
85
208
141
524
55
144
2
147
246
359
86
67
456
209
18
4
133
238
521
73
34
189
437
102
178
244
517
357
352
370
423
61
10
470
49
241
413
35
428
118
252
193
350
277
59
342
527
338
165
231
253
33
304
316
54
97
460
452
481
153
265
214
169
113
392
308
229
155
381
200
438
138
236
295
30
379
326
217
289
12
143
325
248
442
257
130
305
461
82
128
368
319
47
439
525
296
201
285
303
433
154
509
514
57
89
360
84
494
363
95
487
394
71
230
121
412
431
160
26
221
371
23
125
483
266
7
263
526
464
275
119
262
367
276
62
343
489
170
166
264
341
361
314
515
68
474
403
365
168
259
60
19
330
383
345
13
37
181
103
447
63
40
422
69
297
351
522
454
335
444
475
389
109
472
292
404
484
195
159
218
132
14
80
508
516
416
210
120
273
182
512
349
269
260
382
250
426
78
467
449
355
177
267
478
234
385
532
272
164
21
256
324
131
190
493
32
395
463
386
48
258
192
139
468
327
226
41
490
504
469
435
51
183
53
281
418
518
290
491
187
112
145
328
340
443
501
198
76
302
503
70
288
254
274
216
15
74
136
373
158
31
283
65
151
207
471
528
134
271
445
91
116
278
77
397
434
462
513
100
376
415
407
219
477
162
50
124
83
75
232
36
414
46
204
212
233
150
104
411
510
148
245
213
122
432
375
17
339
473
530
451
337
332
176
396
175
298
239
331
58
146
81
405
511
333
228
117
366
344
291
476
137
206
194
227
99
320
310
497
287
127
205
294
87
465
507
171
174
410
519
384
486
114
466
96
523
356
390
126
505
161
98
401
479
448
496
520
309
312
140
90
282
450
499
485
284
440
377
242
45
354
106
235
322
22
402
