419
86
369
227
489
475
123
134
33
54
179
156
338
298
138
32
57
226
99
108
211
384
235
347
307
100
201
343
106
337
152
282
495
382
34
523
515
317
416
359
451
465
484
204
132
209
223
259
286
173
362
505
110
345
322
268
36
188
290
70
153
89
145
19
154
287
94
263
35
461
414
468
396
433
73
520
210
67
427
218
166
164
314
185
25
7
72
503
61
58
411
364
242
170
91
37
296
452
355
265
115
184
326
13
4
82
478
368
122
219
5
16
412
130
261
529
450
144
114
446
394
283
284
60
456
168
71
254
328
181
250
464
12
276
413
77
441
439
53
11
316
119
84
399
458
374
460
51
281
1
278
192
240
367
506
404
521
363
336
517
140
493
375
350
118
257
207
28
68
189
428
129
155
372
524
293
24
233
248
320
313
137
40
470
252
471
527
249
357
430
496
56
325
191
87
332
455
76
365
323
163
230
64
301
194
423
376
421
125
104
193
275
409
78
482
175
295
440
510
258
183
98
395
17
39
150
481
356
299
202
473
514
294
426
101
312
241
237
424
444
408
329
387
107
303
121
231
509
228
327
377
429
55
113
74
321
361
182
43
21
42
447
95
172
532
390
507
203
379
79
52
9
434
407
15
6
304
148
459
50
27
340
30
378
472
187
344
418
494
244
341
526
360
215
221
453
289
177
199
159
246
124
31
225
476
402
147
80
271
205
522
443
370
239
236
102
308
519
497
272
116
432
247
425
486
353
158
351
405
389
279
501
196
315
111
448
38
469
280
63
97
142
141
270
516
46
131
262
220
480
212
500
41
288
285
498
406
256
23
198
213
437
243
330
392
255
381
274
348
103
479
83
232
438
216
206
454
214
511
499
180
62
420
319
410
391
112
393
143
277
477
386
260
309
297
487
491
267
208
26
200
449
528
445
49
92
14
512
436
88
334
120
502
224
324
463
490
380
366
190
18
81
59
291
234
127
197
66
417
126
96
352
178
229
466
47
45
8
335
133
105
85
306
531
346
385
174
403
162
398
48
149
474
65
3
90
266
488
371
485
264
217
195
467
245
397
388
349
157
160
109
151
339
128
186
518
331
251
253
75
462
415
342
273
492
354
117
22
44
165
525
171
136
2
292
435
504
530
238
431
222
457
20
169
422
400
513
483
311
29
401
139
69
333
310
358
508
167
10
318
302
176
146
383
442
300
93
161
305
373
135
269
