378
302
216
455
357
439
31
441
398
70
519
514
473
527
340
128
23
104
509
449
399
67
466
59
314
364
307
141
121
171
149
387
1
264
155
318
254
16
531
285
244
240
443
397
362
114
346
263
474
513
367
262
458
36
116
142
393
529
22
452
180
359
193
487
508
198
275
229
415
83
74
249
426
390
270
306
43
497
222
485
127
144
381
462
88
321
53
445
427
126
322
188
44
286
138
460
472
507
475
197
385
298
289
241
233
186
269
75
373
376
214
424
265
496
187
6
352
319
293
454
118
156
124
419
463
528
267
326
34
47
203
259
258
223
120
353
422
273
65
212
284
291
245
247
38
428
278
348
168
112
361
147
237
37
471
46
210
64
261
42
32
280
301
411
183
432
501
489
479
438
448
175
304
164
435
430
201
170
69
178
525
465
401
516
521
413
477
442
310
79
410
338
408
103
172
299
355
206
15
309
58
107
468
360
154
230
167
469
414
217
526
195
488
421
515
330
194
215
405
189
33
25
108
30
368
287
339
221
82
159
418
137
303
358
305
19
323
325
55
268
256
78
169
492
371
333
13
476
49
251
274
266
92
313
517
478
173
311
341
423
192
248
464
499
490
491
257
344
54
8
522
211
21
77
437
530
231
151
100
166
292
512
331
213
87
91
481
17
145
400
383
351
392
354
162
532
482
250
102
5
324
158
182
3
493
219
503
199
57
281
277
483
350
356
86
316
4
11
94
288
420
28
436
207
90
119
52
56
133
226
185
200
39
484
140
63
382
282
232
122
374
510
51
429
84
409
234
505
143
134
260
406
176
81
404
334
433
416
218
388
205
395
236
444
451
14
228
332
255
470
425
161
97
73
523
135
246
238
417
129
61
165
96
80
148
191
111
71
26
225
412
370
123
407
480
279
89
461
328
495
160
101
366
379
93
163
276
106
68
447
252
320
300
335
174
446
7
290
312
394
494
498
202
2
136
457
506
459
110
500
131
372
391
40
105
336
196
27
365
396
45
109
132
329
486
150
342
115
440
224
375
243
209
380
271
85
24
204
242
76
386
10
518
369
184
349
98
152
253
384
153
60
434
524
511
235
345
343
181
453
157
315
283
239
347
377
130
50
95
9
327
403
295
389
179
227
29
117
146
208
48
66
18
402
467
308
297
220
20
72
272
125
41
296
294
431
177
363
502
520
139
317
504
113
456
450
12
35
190
337
62
99
